# ee_link
0.493 0.024 0.281 0.217 0.661 -0.274 0.664
0.486 0.086 0.281 0.175 0.673 -0.231 0.680
0.492 -0.037 0.281 0.258 0.646 -0.315 0.646
0.500 0.023 0.291 0.225 0.625 -0.268 0.698
0.486 0.026 0.274 0.210 0.688 -0.278 0.636
0.494 0.033 0.281 0.252 0.668 -0.239 0.658
0.494 -0.049 0.295 0.223 0.683 -0.267 0.642
# marker
0.004 -0.000 0.272 0.028 0.715 -0.698 0.026
0.066 0.004 0.277 -0.017 0.712 -0.699 0.070
-0.059 0.004 0.267 0.072 0.715 -0.695 -0.019
-0.003 0.036 0.281 -0.035 -0.679 0.732 -0.030
0.009 -0.028 0.262 0.023 0.742 -0.670 0.023
0.040 0.006 0.270 -0.007 0.710 -0.704 -0.009
-0.059 -0.014 0.282 0.014 0.733 -0.680 0.013
